1001810
1002284
1006080
1006378
1005894
1007174
1002540
1003952
1008124
1005174
1005955
1003545
1007408
1007894
1001496
1007620
1003498
1007956
1005199
1004582
1004979
1008845
1003758
1004650
1001685
1008005
1001615
1009698
1007003
1005742
1001928
1001032
1004290
1006489
1003153
1005093
1009038
1002957
1002596
1008382
1004122
1007687
1001966
1003345
1007008
1004804
1002743
1009463
1008679
1009739
1002152
1006579
1003289
1004359
1009648
1002373
1009984
1006168
1006645
1008258
1007340
1005647
1007161
1008814
1004155
1007084
1008043
1008111
1001862
1004522
1006687
1006329
1003225
1006561
1005978
1003275
1003310
1008350
1001797
1008835
1004372
1002416
1005152
1006828
1008155
1005069
1005679
1006002
1002276
1002429
1007504
1003862
1007299
1008047
1006888
1005756
1003412
1007488
1006582
1004862
1004748
1002399
1006091
1008589
1009652
1009561
1005972
1009325
1001845
1002779
1002473
1004174
1009733
1009666
1009475
1001893
1008893
1004025
1001852
1001665
1002147
1008860
1003334
1008274
1003204
1004232
1008431
1005764
1006316
1009945
1007895
1006163
1003888
1006027
1009700
1008634
1006312
1003962
1008245
1003301
1004347
1008128
1003011
1009868
1006121
1007772
1007519
1009183
1001300
1008990
1006397
1001290
1007663
1007214
1004728
1005787
1001446
1008642
1004750
1006253
1009776
1001026
1004072
1007893
1008974
1004734
1006443
1003042
1004175
1007093
1007830
1001298
1002919
1001391
1008352
1006419
1003207
1003967
1005492
1003719
1001104
1002085
1002736
1007363
1006338
1001064
1004315
1009749
1005733
1006838
1008504
1008141
1004857
1006243
1001053
1003363
1001868
1007253
1001645
1009670
1006957
1002350
1007357
1002608
1001702
1004767
1005571
1002455
1008151
1003509
1009741
1009600
1006661
1002316
1006783
1004910
1004314
1009559
1005728
1006825
1002660
1006321
1001194
1003409
1002651
1005822
1004847
1005767
1005746
1004260
1008984
1004573